summ
1.90819582357449e-17
2.42861286636753e-17
2.68882138776405e-17
-2.77555756156289e-17
0
2.08166817117217e-17
1.94289029309402e-16
1.21430643318376e-17
-5.20417042793042e-17
0
6.24500451351651e-17
1.17961196366423e-16
-1.31838984174237e-16
0
-6.93889390390723e-18
5.55111512312578e-17
1.21430643318376e-17
-6.07153216591882e-18
6.93889390390723e-18
3.12250225675825e-17
2.77555756156289e-17
-1.31838984174237e-16
1.31838984174237e-16
1.38777878078145e-17
2.77555756156289e-17
2.22044604925031e-16
2.25514051876985e-17
-1.56125112837913e-17
4.5102810375397e-17
2.77555756156289e-17
-3.46944695195361e-18
3.81639164714898e-17
-1.30104260698261e-18
0
-6.07153216591882e-18
2.68882138776405e-17
-1.64798730217797e-17
0
0
-6.93889390390723e-18
0
3.46944695195361e-18
-5.20417042793042e-18
-1.12757025938492e-17
9.54097911787244e-18
0
1.94289029309402e-16
4.33680868994202e-18
1.30104260698261e-17
5.03069808033274e-17
