
  116.2800   45.2200   28.0000    1.0000
   58.8600   40.2300   32.0000    1.0000
   91.8000   21.0800   18.0000    1.0000
   41.0400   21.6000   26.0000    1.0000
  116.2800   73.4400   39.0000    1.0000
   54.0000   62.6400   44.0000    1.0000
  105.0600   72.4200   41.0000    1.0000
   43.2000   58.3200   46.0000    1.0000
  106.0800   45.5600   37.0000    1.0000
   49.6800   36.1800   40.0000    1.0000
   97.9200   40.1200   44.0000    1.0000
   44.8200   28.6200   46.0000    1.0000
  131.9200   68.6800   63.0000    1.0000
   73.4400   43.2000   58.0000    1.0000
  131.2400   63.9200   71.0000    1.0000
   73.4400   34.8300   64.0000    1.0000
  122.4000   66.9800   75.0000    1.0000
   65.0700   36.1800   68.0000    1.0000
   92.8200   84.6600   91.0000    1.0000
   36.7200   44.2800   90.0000    1.0000
  136.3400  102.3400   60.0000    1.0000
   71.5500   72.3600   60.0000    1.0000
  150.2800  145.8600   59.0000    1.0000
   76.6800  110.1600   66.0000    1.0000