   78.0300   89.6400   20.0000    1.0000
   41.0400   21.8700   26.0000    1.0000
   58.5900   40.7700   32.0000    1.0000
   79.3800   46.4400   40.0000    1.0000
   49.6800   36.7200   40.0000    1.0000
   53.7300   62.9100   44.0000    1.0000
   72.0900   17.5500   38.0000    1.0000
   46.7100   17.0100   42.0000    1.0000
   44.5500   27.8100   46.0000    1.0000
   43.2000   58.3200   46.0000    1.0000
   85.0500   61.5600   46.0000    1.0000
   53.1900   44.0100   52.0000    1.0000
   60.2100   18.0900   54.0000    1.0000
   73.1700   43.2000   56.0000    1.0000
   28.6200   30.5100   50.0000    1.0000
   71.5500   72.0900   60.0000    1.0000
   58.5900  115.5600   56.0000    1.0000
   77.2200  110.9700   66.0000    1.0000
   58.3200  129.6000   66.0000    1.0000
   38.6100   93.9600   66.0000    1.0000
   73.4400   13.7700   58.0000    1.0000
   73.1700   34.0200   64.0000    1.0000
   65.0700   35.9100   68.0000    1.0000
   40.7700   19.4400   80.0000    1.0000
   36.4500   43.4700   92.0000    1.0000
  131.4900   86.6700   40.0000    1.0000