  128.1800   55.0800    8.0000    1.0000
  126.8200   91.4600    7.0000    1.0000
  125.1200   40.8000    7.0000    1.0000
  138.0400   44.8800   15.0000    1.0000
  147.5600   97.2400   16.0000    1.0000
   92.4800   19.3800   17.0000    1.0000
  172.7200   70.7200   17.0000    1.0000
  138.7200   22.1000   24.0000    1.0000
  115.9400   44.2000   28.0000    1.0000
  106.0800   45.5600   37.0000    1.0000
  116.9600   74.8000   39.0000    1.0000
  103.3600   72.0800   39.0000    1.0000
  123.7600   26.1800   39.0000    1.0000
  127.8400   14.2800   39.0000    1.0000
   98.6000   25.8400   39.0000    1.0000
   97.9200   41.1400   43.0000    1.0000
  139.4000   61.2000   46.0000    1.0000
   82.9600   44.8800   45.0000    1.0000
  142.1200  215.5600   44.0000    1.0000
  205.3600  106.7600   48.0000    1.0000
  148.5800   82.9600   51.0000    1.0000
  160.8200   57.4600   49.0000    1.0000
  109.4800   64.6000   53.0000    1.0000
   97.2400   65.6200   55.0000    1.0000
  110.5000   34.6800   56.0000    1.0000
  157.0800  204.3400   57.0000    1.0000
  138.7200  208.0800   59.0000    1.0000
  135.3200  166.2600   55.0000    1.0000
  150.2800  145.5200   60.0000    1.0000
  136.3400  103.7000   60.0000    1.0000
  131.9200   69.7000   63.0000    1.0000
  167.9600   52.3600   61.0000    1.0000
  150.9600   74.8000   60.0000    1.0000
  108.1200   69.3600   65.0000    1.0000
  125.4600   37.4000   67.0000    1.0000
  131.2400   62.5600   72.0000    1.0000
  121.3800   65.6200   75.0000    1.0000
  141.7800   57.4600   75.0000    1.0000
  132.6000   43.5200   75.0000    1.0000
  153.6800  190.4000   76.0000    1.0000
  159.1200  232.5600   77.0000    1.0000
   93.8400   50.3200   85.0000    1.0000
   92.8200   82.9600   89.0000    1.0000
  163.8800   97.9200   88.0000    1.0000
  175.4400   80.5800   88.0000    1.0000
  129.2000   40.1200   92.0000    1.0000