   91.7000  128.8000    9.0000    1.0000
  135.4500  130.5500   28.0000    1.0000
   87.8500   80.1500   27.0000    1.0000
    1.0000   52.1500   49.0000    1.0000
  196.0000  172.9000   74.0000    1.0000
   93.4500   84.7000   76.0000    1.0000
  121.4500  119.3500   82.0000    1.0000
  117.6000   92.7500   86.0000    1.0000
   94.5000  107.1000   85.0000    1.0000
   68.2500  127.4000   89.0000    1.0000
   60.5500  105.3500   84.0000    1.0000
  149.4500  107.8000   84.0000    1.0000
  110.2500  111.3000   92.0000    1.0000
   65.8000   69.3000   97.0000    1.0000
   90.3000  124.2500  101.0000    1.0000
   53.9000  100.1000  104.0000    1.0000
  151.2000   70.3500  110.0000    1.0000
  102.9000   96.2500  118.0000    1.0000
   87.1500  129.8500  118.0000    1.0000
  123.2000   41.3000  135.0000    1.0000
  126.3500   66.1500  145.0000    1.0000